# energy [MeV] vs. diff. cs per electron [Mbarn / MeV]
2.05925e-06  0
2.18127e-06  0
2.31052e-06  0
2.44743e-06  0
2.59245e-06  0
2.74606e-06  0
2.90877e-06  0
3.08113e-06  0
3.2637e-06  0
3.45708e-06  0
3.66193e-06  0
3.87891e-06  0
4.10875e-06  0
4.35221e-06  0
4.61009e-06  0
4.88326e-06  0
5.17261e-06  0
5.47911e-06  0
5.80377e-06  0
6.14766e-06  0
6.51193e-06  0
6.89779e-06  0
7.30651e-06  0
7.73945e-06  0
8.19804e-06  0
8.6838e-06  0
9.19835e-06  0
9.74338e-06  0.292484
1.03207e-05  67.2773
1.09323e-05  144.043
1.158e-05  605.584
1.22662e-05  860.835
1.2993e-05  939.293
1.37629e-05  1044.29
1.45784e-05  1169.48
1.54422e-05  2221.8
1.63572e-05  2785.47
1.73265e-05  2645.27
1.83531e-05  2753.04
1.94406e-05  2748.58
2.05925e-05  2632.84
2.18127e-05  2483.9
2.31052e-05  2336.36
2.44743e-05  2175.62
2.59245e-05  2020.11
2.74606e-05  1852.88
2.90877e-05  1686.45
3.08113e-05  1498.22
3.2637e-05  1316.91
3.45708e-05  1163.66
3.66193e-05  1036.04
3.87891e-05  928.023
4.10875e-05  826.614
4.35221e-05  734.738
4.61009e-05  654.045
4.88326e-05  584.918
5.17261e-05  523.894
5.47911e-05  470.164
5.80377e-05  421.89
6.14766e-05  372.965
6.51193e-05  326.882
6.89779e-05  285.789
7.30651e-05  248.186
7.73945e-05  214.779
8.19804e-05  185.296
8.6838e-05  159.183
9.19835e-05  136.464
9.74338e-05  116.607
0.000103207  99.3138
0.000109323  84.3911
0.0001158  71.7738
0.000122662  61.0719
0.00012993  51.9623
0.000137629  44.0714
0.000145784  37.3571
0.000154422  31.6969
0.000163572  26.9357
0.000173265  22.865
0.000183531  19.4105
0.000194406  16.469
0.000205925  13.9636
0.000218127  11.8467
0.000231052  10.0639
0.000244743  8.55963
0.000259245  7.27737
0.000274606  6.20357
0.000290877  10.5294
0.000308113  9.37375
0.00032637  7.90104
0.000345708  6.67265
0.000366193  5.64347
0.000387891  4.76191
0.000410875  3.99753
0.000435221  3.35922
0.000461009  2.82893
0.000488326  2.38764
0.000517261  2.01711
0.000547911  1.70732
0.000580377  1.4474
0.000614766  1.22953
0.000651193  1.04547
0.000689779  1.53199
0.000730651  2.45389
0.000773945  2.04145
0.000819804  1.70644
0.00086838  1.42892
0.000919835  1.19616
0.000974338  0.999532
0.00103207  0.835449
0.00109323  0.69887
0.001158  0.585427
0.00122662  0.491082
0.0012993  0.412129
0.00137629  0.346107
0.00145784  0.291121
0.00154422  0.245141
0.00163572  0.206724
0.00173265  0.174738
0.00183531  0.147959
0.00194406  0.12558
0.00205925  0.106863
0.00218127  0.0911212
0.00231052  0.0778716
0.00244743  0.0667426
0.00259245  0.0573675
0.00274606  0.0493618
0.00290877  0.0425716
0.00308113  0.0367946
0.0032637  0.0318682
0.00345708  0.0276582
0.00366193  0.0240508
0.00387891  0.0209526
0.00410875  0.018286
0.00435221  0.0159868
0.00461009  0.0140002
0.00488326  0.0122797
0.00517261  0.0107866
0.00547911  0.00948802
0.00580377  0.00835608
0.00614766  0.00736786
0.00651193  0.00650346
0.00689779  0.00574607
0.00730651  0.00508141
0.00773945  0.00449727
0.00819804  0.0039832
0.0086838  0.00353024
0.00919835  0.00313069
0.00974338  0.00277786
0.0103207  0.002466
0.0109323  0.00219012
0.01158  0.00194586
0.0122662  0.00172946
0.012993  0.00153761
0.0137629  0.00136742
0.0145784  0.00121638
0.0154422  0.00108227
0.0163572  0.000963133
0.0173265  0.000857265
0.0183531  0.000763155
0.0194406  0.000679472
0.0205925  0.000605041
0.0218127  0.000538821
0.0231052  0.000479895
0.0244743  0.00042745
0.0259245  0.000380764
0.0274606  0.0003392
0.0290877  0.00030219
0.0308113  0.000269241
0.032637  0.000239901
0.0345708  0.000213764
0.0366193  0.000190479
0.0387891  0.000169733
0.0410875  0.00015125
0.0435221  0.000134782
0.0461009  0.000120108
0.0488326  0.000107034
0.0517261  9.53835e-05
0.0547911  8.50023e-05
0.0580377  7.57517e-05
0.0614766  6.75084e-05
0.0651193  6.01626e-05
0.0689779  5.36165e-05
0.0730651  4.7783e-05
0.0773945  4.25844e-05
0.0819804  3.79516e-05
0.086838  3.3823e-05
0.0919835  3.01436e-05
0.0974338  2.68646e-05
0.103207  2.39423e-05
0.109323  2.1338e-05
0.1158  1.90171e-05
0.122662  1.69486e-05
0.12993  1.51051e-05
0.137629  1.34622e-05
0.145784  1.1998e-05
0.154422  1.06931e-05
0.163572  9.53008e-06
0.173265  8.49359e-06
0.183531  7.56984e-06
0.194406  6.74656e-06
