# energy [MeV] vs. diff. cs per electron [Mbarn / MeV]
2.05925e-06  0
2.18127e-06  0
2.31052e-06  0
2.44743e-06  0
2.59245e-06  0
2.74606e-06  0
2.90877e-06  0
3.08113e-06  0
3.2637e-06  0
3.45708e-06  0
3.66193e-06  0
3.87891e-06  0
4.10875e-06  0
4.35221e-06  0
4.61009e-06  0
4.88326e-06  0
5.17261e-06  0
5.47911e-06  0
5.80377e-06  0
6.14766e-06  0
6.51193e-06  0
6.89779e-06  0
7.30651e-06  0
7.73945e-06  0
8.19804e-06  0
8.6838e-06  0
9.19835e-06  0
9.74338e-06  0
1.03207e-05  4.41381
1.09323e-05  104.818
1.158e-05  563.681
1.22662e-05  825.982
1.2993e-05  902.885
1.37629e-05  1005.75
1.45784e-05  1128.67
1.54422e-05  2114.86
1.63572e-05  2646.31
1.73265e-05  2531.97
1.83531e-05  2664.47
1.94406e-05  2681.09
2.05925e-05  2581.46
2.18127e-05  2444.88
2.31052e-05  2308.08
2.44743e-05  2155.74
2.59245e-05  2007.25
2.74606e-05  1845.2
2.90877e-05  1682.64
3.08113e-05  1496.8
3.2637e-05  1317.02
3.45708e-05  1164.92
3.66193e-05  1038.19
3.87891e-05  930.806
4.10875e-05  829.733
4.35221e-05  738.054
4.61009e-05  657.436
4.88326e-05  588.274
5.17261e-05  527.148
5.47911e-05  473.29
5.80377e-05  424.835
6.14766e-05  375.641
6.51193e-05  329.289
6.89779e-05  287.948
7.30651e-05  250.094
7.73945e-05  216.451
8.19804e-05  186.752
8.6838e-05  160.44
9.19835e-05  137.544
9.74338e-05  117.528
0.000103207  100.095
0.000109323  85.0501
0.0001158  72.3297
0.000122662  61.5407
0.00012993  52.3571
0.000137629  44.402
0.000145784  37.6336
0.000154422  31.9279
0.000163572  27.0906
0.000173265  22.97
0.000183531  19.4948
0.000194406  16.5368
0.000205925  14.0181
0.000218127  11.8898
0.000231052  10.0972
0.000244743  8.58479
0.000259245  7.2962
0.000274606  6.21727
0.000290877  10.4253
0.000308113  9.27601
0.00032637  7.81905
0.000345708  6.60366
0.000366193  5.58537
0.000387891  4.71328
0.000410875  3.95707
0.000435221  3.32554
0.000461009  2.80091
0.000488326  2.36436
0.000517261  1.99781
0.000547911  1.69132
0.000580377  1.43413
0.000614766  1.2185
0.000651193  1.03629
0.000689779  1.53342
0.000730651  2.47142
0.000773945  2.05574
0.000819804  1.71825
0.00086838  1.43871
0.000919835  1.20426
0.000974338  1.00619
0.00103207  0.840917
0.00109323  0.703355
0.001158  0.589105
0.00122662  0.494096
0.0012993  0.414593
0.00137629  0.348116
0.00145784  0.292757
0.00154422  0.246469
0.00163572  0.207801
0.00173265  0.175609
0.00183531  0.148664
0.00194406  0.12615
0.00205925  0.107324
0.00218127  0.0914933
0.00231052  0.0781718
0.00244743  0.0669484
0.00259245  0.0574664
0.00274606  0.0494398
0.00290877  0.0426331
0.00308113  0.0368431
0.0032637  0.0319063
0.00345708  0.0276883
0.00366193  0.0240744
0.00387891  0.0209711
0.00410875  0.0183005
0.00435221  0.0159981
0.00461009  0.0140091
0.00488326  0.0122866
0.00517261  0.010792
0.00547911  0.00949223
0.00580377  0.00835935
0.00614766  0.0073704
0.00651193  0.00650544
0.00689779  0.0057476
0.00730651  0.00508259
0.00773945  0.00449818
0.00819804  0.0039839
0.0086838  0.00353079
0.00919835  0.00313111
0.00974338  0.00277818
0.0103207  0.00246625
0.0109323  0.00219031
0.01158  0.001946
0.0122662  0.00172957
0.012993  0.00153769
0.0137629  0.00136749
0.0145784  0.00121643
0.0154422  0.0010823
0.0163572  0.00096316
0.0173265  0.000857286
0.0183531  0.00076317
0.0194406  0.000679483
0.0205925  0.000605049
0.0218127  0.000538827
0.0231052  0.0004799
0.0244743  0.000427454
0.0259245  0.000380767
0.0274606  0.000339202
0.0290877  0.000302192
0.0308113  0.000269242
0.032637  0.000239902
0.0345708  0.000213765
0.0366193  0.000190479
0.0387891  0.000169734
0.0410875  0.00015125
0.0435221  0.000134782
0.0461009  0.000120108
0.0488326  0.000107034
0.0517261  9.53836e-05
0.0547911  8.50024e-05
0.0580377  7.57518e-05
0.0614766  6.75085e-05
0.0651193  6.01627e-05
0.0689779  5.36166e-05
0.0730651  4.7783e-05
0.0773945  4.25844e-05
0.0819804  3.79516e-05
0.086838  3.3823e-05
0.0919835  3.01436e-05
0.0974338  2.68646e-05
0.103207  2.39423e-05
0.109323  2.1338e-05
0.1158  1.90171e-05
0.122662  1.69486e-05
0.12993  1.51051e-05
0.137629  1.34622e-05
0.145784  1.1998e-05
0.154422  1.06931e-05
0.163572  9.53008e-06
0.173265  8.49359e-06
0.183531  7.56984e-06
0.194406  6.74656e-06
